16		!numero de nos principais	!portico 3D
15		!numero de superelementos
1		!numero de elementos por superelementos 
2		!numero de nos principais com vinculos 
1		!numero de nos principais com forcas 
50		!numero de variacoes nas propriedades 
2       	!tipo de analise (1-estatico, 2-modal)
10      	!numero de modos
1E-10    	!tolerancia
0E-2,0E-2    	!taxa de amortecimento	de Rayleigh


0,1,0.1
0,1,0.3
0,1,0.5
0,1,0.7
0,1,0.9
0,1,1.1
0,1,1.3
0,1,1.5
0,1,1.7
0,1,1.9
0,1,2.1
0,1,2.3
0,1,2.5
0,1,2.7
0,1,2.9
0,1,3




3,1		!(ni,nf) conectividade dos superelementos
3,2
4,3
5,4
6,5
7,6
8,7
9,8
10,9
11,10
12,11
13,12
14,13
15,14
16,15




1,0.00108,1.89E-7,1.051E-6,1.24E-06,200.0E+09,0.3,7860,90 !A,Imin(h),Imax(v),It,E,P,ro,angle
  1.0, 1.0, 1.0, 1.0, 1.0, 1.0, 1.0
  1.0, 1.0, 1.0, 1.0, 1.0, 1.0, 1.0
2,0.00108,1.89E-7,1.051E-6,1.24E-06,200.0E+09,0.3,7860,90
  1.0, 1.0, 1.0, 1.0, 1.0, 1.0, 1.0 
  1.0, 1.0, 1.0, 1.0, 1.0, 1.0, 1.0
3,0.00108,1.89E-7,1.051E-6,1.24E-06,200.0E+09,0.3,7860,90 !A,Imin(h),Imax(v),It,E,P,ro,angle
  1.0, 1.0, 1.0, 1.0, 1.0, 1.0, 1.0
  1.0, 1.0, 1.0, 1.0, 1.0, 1.0, 1.0
4,0.00108,1.89E-7,1.051E-6,1.24E-06,200.0E+09,0.3,7860,90
  1.0, 1.0, 1.0, 1.0, 1.0, 1.0, 1.0
  1.0, 1.0, 1.0, 1.0, 1.0, 1.0, 1.0
5,0.00108,1.89E-7,1.051E-6,1.24E-06,200.0E+09,0.3,7860,90 !A,Imin(h),Imax(v),It,E,P,ro,angle
  1.0, 1.0, 1.0, 1.0, 1.0, 1.0, 1.0
  1.0, 1.0, 1.0, 1.0, 1.0, 1.0, 1.0
6,0.00108,1.89E-7,1.051E-6,1.24E-06,200.0E+09,0.3,7860,90
  1.0, 1.0, 1.0, 1.0, 1.0, 1.0, 1.0
  1.0, 1.0, 1.0, 1.0, 1.0, 1.0, 1.0
7,0.00108,1.89E-7,1.051E-6,1.24E-06,200.0E+09,0.3,7860,90 !A,Imin(h),Imax(v),It,E,P,ro,angle
  1.0, 1.0, 1.0, 1.0, 1.0, 1.0, 1.0
  1.0, 1.0, 1.0, 1.0, 1.0, 1.0, 1.0
8,0.00108,1.89E-7,1.051E-6,1.24E-06,200.0E+09,0.3,7860,90
  1.0, 1.0, 1.0, 1.0, 1.0, 1.0, 1.0
  1.0, 1.0, 1.0, 1.0, 1.0, 1.0, 1.0
9,0.00108,1.89E-7,1.051E-6,1.24E-06,200.0E+09,0.3,7860,90 !A,Imin(h),Imax(v),It,E,P,ro,angle
  1.0, 1.0, 1.0, 1.0, 1.0, 1.0, 1.0
  1.0, 1.0, 1.0, 1.0, 1.0, 1.0, 1.0
10,0.00108,1.89E-7,1.051E-6,1.24E-06,200.0E+09,0.3,7860,90
  1.0, 1.0, 1.0, 1.0, 1.0, 1.0, 1.0 
  1.0, 1.0, 1.0, 1.0, 1.0, 1.0, 1.0
11,0.00108,1.89E-7,1.051E-6,1.24E-06,200.0E+09,0.3,7860,90 !A,Imin(h),Imax(v),It,E,P,ro,angle
  1.0, 1.0, 1.0, 1.0, 1.0, 1.0, 1.0
  1.0, 1.0, 1.0, 1.0, 1.0, 1.0, 1.0
12,0.00108,1.89E-7,1.051E-6,1.24E-06,200.0E+09,0.3,7860,90
  1.0, 1.0, 1.0, 1.0, 1.0, 1.0, 1.0
  1.0, 1.0, 1.0, 1.0, 1.0, 1.0, 1.0
13,0.00108,1.89E-7,1.051E-6,1.24E-06,200.0E+09,0.3,7860,90 !A,Imin(h),Imax(v),It,E,P,ro,angle
  1.0, 1.0, 1.0, 1.0, 1.0, 1.0, 1.0
  1.0, 1.0, 1.0, 1.0, 1.0, 1.0, 1.0
14,0.00108,1.89E-7,1.051E-6,1.24E-06,200.0E+09,0.3,7860,90
  1.0, 1.0, 1.0, 1.0, 1.0, 1.0, 1.0
  1.0, 1.0, 1.0, 1.0, 1.0, 1.0, 1.0
15,0.00108,1.89E-7,1.051E-6,1.24E-06,200.0E+09,0.3,7860,90 !A,Imin(h),Imax(v),It,E,P,ro,angle
  1.0, 1.0, 1.0, 1.0, 1.0, 1.0, 1.0
  1.0, 1.0, 1.0, 1.0, 1.0, 1.0, 1.0


15,1E99,1E00,1E99,0E00,0E00,1E00	!No, k1,k2,k3,kr1,kr2,kr3
  1.0, 1.0, 1.0, 1.0, 0.0, 0.0
  1.0, 1.0, 1.0, 1.0, 1.0, 1.0
2,0E00,1E99,0E00,0E00,0E00,1E00	
  1.0, 1.0, 1.0, 1.0, 1.0, 1.0
  1.0, 1.0, 1.0, 1.0, 1.0, 1.0



1,0E00,0E00,0E00,0E00,0E00,0E00	!No, F1,F2,F3,M1,M2,M3
  1.0, 1.0, 1.0, 1.0, 1.0, 1.0	!variacoes minimas F1,F2,F3,M1,M2,M3 
  1.0, 1.0, 1.0, 1.0, 1.0, 1.0	!variacoes maximas F1,F2,F3,M1,M2,M3	 	 
	  


























































































